0.000000000000000000e+00 1.204277183876087287e+00 4.200000000000000261e-02
5.585053606381854552e-01 1.570796326794896558e+00 4.200000000000000261e-02
0.000000000000000000e+00 1.937315469713705829e+00 4.200000000000000261e-02
5.724679946541400888e+00 1.570796326794896558e+00 4.200000000000000261e-02
0.000000000000000000e+00 5.585053606381854552e-01 4.200000000000000261e-02
7.853981633974482790e-01 9.599310885968812546e-01 4.200000000000000261e-02
1.204277183876087287e+00 1.570796326794896558e+00 4.200000000000000261e-02
7.853981633974482790e-01 2.181661564992912083e+00 4.200000000000000261e-02
0.000000000000000000e+00 2.583087292951607772e+00 4.200000000000000261e-02
5.497787143782137953e+00 2.181661564992912083e+00 4.200000000000000261e-02
5.078908123303499167e+00 1.570796326794896558e+00 4.200000000000000261e-02
5.497787143782137953e+00 9.599310885968812546e-01 4.200000000000000261e-02
1.588249619314839878e+00 3.665191429188092154e-01 4.200000000000000261e-02
1.570796326794896558e+00 1.012290966156711214e+00 4.200000000000000261e-02
1.570796326794896558e+00 2.111848394913138804e+00 4.200000000000000261e-02
1.553343034274953238e+00 2.775073510670984067e+00 4.200000000000000261e-02
3.141592653589793116e+00 1.204277183876087287e+00 4.200000000000000261e-02
3.700098014227978460e+00 1.570796326794896558e+00 4.200000000000000261e-02
3.141592653589793116e+00 1.937315469713705829e+00 4.200000000000000261e-02
2.583087292951607772e+00 1.570796326794896558e+00 4.200000000000000261e-02
3.141592653589793116e+00 5.585053606381854552e-01 4.200000000000000261e-02
3.926990816987241395e+00 9.599310885968812546e-01 4.200000000000000261e-02
4.345869837465880181e+00 1.570796326794896558e+00 4.200000000000000261e-02
3.926990816987241395e+00 2.181661564992912083e+00 4.200000000000000261e-02
3.141592653589793116e+00 2.583087292951607772e+00 4.200000000000000261e-02
2.356194490192344837e+00 2.181661564992912083e+00 4.200000000000000261e-02
1.937315469713705829e+00 1.570796326794896558e+00 4.200000000000000261e-02
2.356194490192344837e+00 9.599310885968812546e-01 4.200000000000000261e-02
4.694935687864746576e+00 3.665191429188092154e-01 4.200000000000000261e-02
4.712388980384689674e+00 1.012290966156711214e+00 4.200000000000000261e-02
4.712388980384689674e+00 2.129301687433081902e+00 4.200000000000000261e-02
4.729842272904632772e+00 2.775073510670984067e+00 4.200000000000000261e-02
