0.000000000000000000e+00 0.000000000000000000e+00 4.900000000000000189e-02
3.058094442459276599e-03 7.305422893435145060e-01 4.900000000000000189e-02
2.096009867533636051e+00 7.306700739627713936e-01 4.900000000000000189e-02
-2.093360581925928443e+00 7.299094216727589624e-01 4.900000000000000189e-02
-1.434099592396968825e+00 1.231829149238461429e+00 4.900000000000000189e-02
-6.564873917134568249e-01 1.231643393484136872e+00 4.900000000000000189e-02
6.612328142115841967e-01 1.231937671113323418e+00 4.900000000000000189e-02
1.436243081415389033e+00 1.231737410884538697e+00 4.900000000000000189e-02
2.755459326219778848e+00 1.231628696190499195e+00 4.900000000000000189e-02
-2.750632294631810915e+00 1.231514727261006081e+00 4.900000000000000189e-02
-2.480359839378209141e+00 1.909654982476469920e+00 4.900000000000000189e-02
-1.705349572174404083e+00 1.909855242705254419e+00 4.900000000000000189e-02
-3.861333273700143232e-01 1.909963957399293921e+00 4.900000000000000189e-02
3.909603589579822014e-01 1.910077926328787035e+00 4.900000000000000189e-02
1.707493061192824513e+00 1.909763504351331909e+00 4.900000000000000189e-02
2.485105261876336513e+00 1.909949260105656466e+00 4.900000000000000189e-02
-3.138534559147334146e+00 2.411050364246278832e+00 4.900000000000000189e-02
-1.045582786056157065e+00 2.410922579627021722e+00 4.900000000000000189e-02
1.048232071663864895e+00 2.411683231917034487e+00 4.900000000000000189e-02
